0000 084d 0000 10c8 0000 0011 0000 1000
0000 0000 3230 3137 2e33 2e31 6631 00fe
ffff ff01 0200 0000 0404 0000 00ff ff9b
bd5a 554d ba86 8023 5d74 83e8 ef3e 4f19
0000 0076 0000 0002 0000 0000 0000 0037
0000 80ff ffff ff00 0000 0000 8000 0001
0001 00a6 0300 80b2 0100 8004 0000 0001
0000 0001 0000 0001 0001 00d0 0000 800e
0000 0010 0000 0002 0000 0000 0000 0001
0002 00a6 0300 8013 0000 0004 0000 0003
0000 0000 0000 0001 0002 00a6 0300 801b
0000 0004 0000 0004 0000 0000 0000 0001
0002 00a6 0300 8023 0000 0004 0000 0005
0000 0000 0000 0001 0002 00a6 0300 802b
0000 0004 0000 0006 0000 0000 0000 0001
0001 0048 0300 8033 0000 00ff ffff ff07
0000 0000 8000 0001 0002 0131 0000 8031
0000 80ff ffff ff08 0000 0001 4000 0001
0003 00de 0000 801b 0300 8004 0000 0009
0000 0001 0000 0001 0003 0051 0000 806a
0000 8001 0000 000a 0000 0001 0000 0001
0001 0099 0300 803c 0000 0008 0000 000b
0000 0000 0000 0001 0001 0048 0300 8048
0000 00ff ffff ff0c 0000 0000 8000 0001
0002 0131 0000 8031 0000 80ff ffff ff0d
0000 0001 4000 0001 0003 00de 0000 801b
0300 8004 0000 000e 0000 0001 0000 0001
0003 0051 0000 806a 0000 8001 0000 000f
0000 0001 0000 0001 0001 00d5 0300 8055
0000 00ff ffff ff10 0000 0000 8000 0001
0002 0131 0000 8031 0000 80ff ffff ff11
0000 0000 c000 0001 0003 00de 0000 801b
0300 8004 0000 0012 0000 0000 0000 0001
0003 0048 0300 806a 0000 80ff ffff ff13
0000 0000 8000 0001 0004 0131 0000 8031
0000 80ff ffff ff14 0000 0001 4000 0001
0005 00de 0000 801b 0300 8004 0000 0015
0000 0001 0000 0001 0005 0051 0000 806a
0000 8001 0000 0016 0000 0001 0000 0001
0001 0099 0300 805c 0000 0008 0000 0017
0000 0000 0000 0001 0001 00de 0000 806a
0000 0004 0000 0018 0000 0000 0000 0041
7373 6574 4d65 7461 4461 7461 0067 7569
6400 6461 7461 5b30 5d00 6461 7461 5b31
5d00 6461 7461 5b32 5d00 6461 7461 5b33
5d00 7061 7468 4e61 6d65 0074 696d 6543
7265 6174 6564 006f 7269 6769 6e61 6c4e
616d 6500 6c61 6265 6c73 0061 7373 6574
5374 6f72 6552 6566 006c 6963 656e 7365
5479 7065 000a 0400 0000 ffff dc22 47bc
6ce4 64c9 5596 f54a a82c 1477 2d00 0000
bd00 0000 0100 0000 0000 0000 3700 0080
ffff ffff 0000 0000 0080 0000 0100 0100
a603 0080 b201 0080 0400 0000 0100 0000
0100 0000 0100 0100 1500 0000 d501 0080
0c00 0000 0200 0000 0100 0000 0100 0200
de00 0080 2b00 0000 0400 0000 0300 0000
0100 8000 0100 0200 2e03 0080 3400 0000
0800 0000 0400 0000 0100 8000 0100 0100
8602 0080 c401 0080 0c00 0000 0500 0000
0100 0000 0100 0200 de00 0080 2b00 0000
0400 0000 0600 0000 0100 8000 0100 0200
2e03 0080 3400 0000 0800 0000 0700 0000
0100 8000 0100 0100 4803 0080 ab01 0080
ffff ffff 0800 0000 0180 0000 0100 0201
3100 0080 3100 0080 ffff ffff 0900 0000
0140 0000 0100 0300 de00 0080 1b03 0080
0400 0000 0a00 0000 0100 0000 0100 0300
5100 0080 6a00 0080 0100 0000 0b00 0000
0100 0000 0100 0100 f100 0080 3d00 0000
ffff ffff 0c00 0000 0080 0000 0100 0201
3100 0080 3100 0080 ffff ffff 0d00 0000
0080 0000 0100 0300 de00 0080 1b03 0080
0400 0000 0e00 0000 0000 0000 0100 0300
1f02 0080 6a00 0080 ffff ffff 0f00 0000
0080 0000 0100 0400 4f00 0000 9b00 0080
ffff ffff 1000 0000 0080 0000 0100 0500
4803 0080 6500 0000 ffff ffff 1100 0000
0080 0000 0100 0601 3100 0080 3100 0080
ffff ffff 1200 0000 0140 0000 0100 0700
de00 0080 1b03 0080 0400 0000 1300 0000
0100 0000 0100 0700 5100 0080 6a00 0080
0100 0000 1400 0000 0100 0000 0100 0500
4803 0080 6a00 0000 ffff ffff 1500 0000
0080 0000 0100 0601 3100 0080 3100 0080
ffff ffff 1600 0000 0140 0000 0100 0700
de00 0080 1b03 0080 0400 0000 1700 0000
0100 0000 0100 0700 5100 0080 6a00 0080
0100 0000 1800 0000 0100 0000 0100 0500
4803 0080 7300 0000 ffff ffff 1900 0000
0080 0000 0100 0601 3100 0080 3100 0080
ffff ffff 1a00 0000 0140 0000 0100 0700
de00 0080 1b03 0080 0400 0000 1b00 0000
0100 0000 0100 0700 5100 0080 6a00 0080
0100 0000 1c00 0000 0100 0000 0100 0400
7902 0080 0a03 0080 0c00 0000 1d00 0000
0000 0000 0100 0500 de00 0080 2b00 0000
0400 0000 1e00 0000 0100 8000 0100 0500
2e03 0080 3400 0000 0800 0000 1f00 0000
0100 8000 0100 0100 2e03 0080 7800 0000
0800 0000 2000 0000 0040 0000 0100 0100
4803 0080 8b00 0000 ffff ffff 2100 0000
0080 0000 0100 0201 3100 0080 3100 0080
ffff ffff 2200 0000 0140 0000 0100 0300
de00 0080 1b03 0080 0400 0000 2300 0000
0100 0000 0100 0300 5100 0080 6a00 0080
0100 0000 2400 0000 0100 0000 0100 0100
4803 0080 9600 0000 ffff ffff 2500 0000
0080 0000 0100 0201 3100 0080 3100 0080
ffff ffff 2600 0000 0140 0000 0100 0300
de00 0080 1b03 0080 0400 0000 2700 0000
0100 0000 0100 0300 5100 0080 6a00 0080
0100 0000 2800 0000 0100 0000 0100 0100
4803 0080 a800 0000 ffff ffff 2900 0000
0080 0000 0100 0201 3100 0080 3100 0080
ffff ffff 2a00 0000 0140 0000 0100 0300
de00 0080 1b03 0080 0400 0000 2b00 0000
0100 0000 0100 0300 5100 0080 6a00 0080
0100 0000 2c00 0000 0100 0000 4e61 7469
7665 466f 726d 6174 496d 706f 7274 6572
0050 5074 723c 4564 6974 6f72 4578 7465
6e73 696f 6e3e 006d 5f46 696c 6549 4400
6d5f 5061 7468 4944 006d 5f45 7874 6572
6e61 6c4f 626a 6563 7473 0053 6f75 7263
6541 7373 6574 4964 656e 7469 6669 6572
0074 7970 6500 6173 7365 6d62 6c79 006e
616d 6500 6d5f 4d61 696e 4f62 6a65 6374
4669 6c65 4944 006d 5f55 7365 7244 6174
6100 6d5f 4173 7365 7442 756e 646c 654e
616d 6500 6d5f 4173 7365 7442 756e 646c
6556 6172 6961 6e74 0002 0000 0000 0000
0100 0000 0000 0000 0000 0000 9000 0000
0000 0000 0300 0000 0000 0000 9000 0000
3800 0000 0100 0000 0000 0000 0000 0000
0000 0000 0000 0000 0000 0000 0000 0000
0000 0000 0000 0000 0000 0000 0000 0000
0000 0000 0000 0000 0000 0000 0000 0000
0000 0000 0000 0000 0000 0000 0000 0000
0000 0000 0000 0000 0000 0000 0000 0000
0000 0000 0000 0000 0000 0000 0000 0000
0000 0000 0000 0000 0000 0000 0000 0000
0000 0000 0000 0000 0000 0000 0000 0000
0000 0000 0000 0000 0000 0000 0000 0000
0000 0000 0000 0000 0000 0000 0000 0000
0000 0000 0000 0000 0000 0000 0000 0000
0000 0000 0000 0000 0000 0000 0000 0000
0000 0000 0000 0000 0000 0000 0000 0000
0000 0000 0000 0000 0000 0000 0000 0000
0000 0000 0000 0000 0000 0000 0000 0000
0000 0000 0000 0000 0000 0000 0000 0000
0000 0000 0000 0000 0000 0000 0000 0000
0000 0000 0000 0000 0000 0000 0000 0000
0000 0000 0000 0000 0000 0000 0000 0000
0000 0000 0000 0000 0000 0000 0000 0000
0000 0000 0000 0000 0000 0000 0000 0000
0000 0000 0000 0000 0000 0000 0000 0000
0000 0000 0000 0000 0000 0000 0000 0000
0000 0000 0000 0000 0000 0000 0000 0000
0000 0000 0000 0000 0000 0000 0000 0000
0000 0000 0000 0000 0000 0000 0000 0000
0000 0000 0000 0000 0000 0000 0000 0000
0000 0000 0000 0000 0000 0000 0000 0000
0000 0000 0000 0000 0000 0000 0000 0000
0000 0000 0000 0000 0000 0000 0000 0000
0000 0000 0000 0000 0000 0000 0000 0000
0000 0000 0000 0000 0000 0000 0000 0000
0000 0000 0000 0000 0000 0000 0000 0000
0000 0000 0000 0000 0000 0000 0000 0000
0000 0000 0000 0000 0000 0000 0000 0000
0000 0000 0000 0000 0000 0000 0000 0000
0000 0000 0000 0000 0000 0000 0000 0000
0000 0000 0000 0000 0000 0000 0000 0000
0000 0000 0000 0000 0000 0000 0000 0000
0000 0000 0000 0000 0000 0000 0000 0000
0000 0000 0000 0000 0000 0000 0000 0000
0000 0000 0000 0000 0000 0000 0000 0000
0000 0000 0000 0000 0000 0000 0000 0000
0000 0000 0000 0000 0000 0000 0000 0000
0000 0000 0000 0000 0000 0000 0000 0000
0000 0000 0000 0000 0000 0000 0000 0000
0000 0000 0000 0000 0000 0000 0000 0000
0000 0000 0000 0000 0000 0000 0000 0000
0000 0000 0000 0000 0000 0000 0000 0000
0000 0000 0000 0000 0000 0000 0000 0000
0000 0000 0000 0000 0000 0000 0000 0000
0000 0000 0000 0000 0000 0000 0000 0000
0000 0000 0000 0000 0000 0000 0000 0000
0000 0000 0000 0000 0000 0000 0000 0000
0000 0000 0000 0000 0000 0000 0000 0000
0000 0000 0000 0000 0000 0000 0000 0000
0000 0000 0000 0000 0000 0000 0000 0000
0000 0000 0000 0000 0000 0000 0000 0000
0000 0000 0000 0000 0000 0000 0000 0000
0000 0000 0000 0000 0000 0000 0000 0000
0000 0000 0000 0000 0000 0000 0000 0000
0000 0000 0000 0000 0000 0000 0000 0000
0000 0000 0000 0000 0000 0000 0000 0000
0000 0000 0000 0000 0000 0000 0000 0000
0000 0000 0000 0000 0000 0000 0000 0000
0000 0000 0000 0000 0000 0000 0000 0000
0000 0000 0000 0000 0000 0000 0000 0000
0000 0000 0000 0000 0000 0000 0000 0000
0000 0000 0000 0000 0000 0000 0000 0000
0000 0000 0000 0000 0000 0000 0000 0000
0000 0000 0000 0000 0000 0000 0000 0000
0000 0000 0000 0000 0000 0000 0000 0000
0000 0000 0000 0000 0000 0000 0000 0000
0000 0000 0000 0000 0000 0000 0000 0000
0000 0000 0000 0000 0000 0000 0000 0000
0000 0000 0000 0000 0000 0000 0000 0000
0000 0000 0000 0000 0000 0000 0000 0000
0000 0000 0000 0000 0000 0000 0000 0000
0000 0000 0000 0000 0000 0000 0000 0000
0000 0000 0000 0000 0000 0000 0000 0000
0000 0000 0000 0000 0000 0000 0000 0000
0000 0000 0000 0000 0000 0000 0000 0000
0000 0000 0000 0000 0000 0000 0000 0000
0000 0000 0000 0000 0000 0000 0000 0000
0000 0000 0000 0000 0000 0000 0000 0000
0000 0000 0000 0000 0000 0000 0000 0000
0000 0000 0000 0000 0000 0000 0000 0000
0000 0000 0000 0000 0000 0000 0000 0000
0000 0000 0000 0000 0000 0000 0000 0000
0000 0000 0000 0000 0000 0000 0000 0000
0000 0000 0000 0000 0000 0000 0000 0000
0000 0000 0000 0000 0000 0000 0000 0000
0000 0000 0000 0000 0000 0000 0000 0000
0000 0000 0000 0000 0000 0000 0000 0000
0000 0000 0000 0000 0000 0000 0000 0000
0000 0000 0000 0000 0000 0000 0000 0000
0000 0000 0000 0000 0000 0000 0000 0000
0000 0000 0000 0000 0000 0000 0000 0000
0000 0000 0000 0000 0000 0000 0000 0000
0000 0000 0000 0000 0000 0000 0000 0000
0000 0000 0000 0000 0000 0000 0000 0000
0000 0000 0000 0000 0000 0000 0000 0000
0000 0000 0000 0000 0000 0000 0000 0000
0000 0000 0000 0000 0000 0000 0000 0000
0000 0000 0000 0000 0000 0000 0000 0000
0000 0000 0000 0000 0000 0000 0000 0000
0000 0000 0000 0000 0000 0000 0000 0000
0000 0000 0000 0000 0000 0000 0000 0000
0000 0000 0000 0000 0000 0000 0000 0000
0000 0000 0000 0000 0000 0000 0000 0000
0000 0000 0000 0000 0000 0000 0000 0000
0000 0000 0000 0000 0000 0000 0000 0000
0000 0000 0000 0000 0000 0000 0000 0000
0000 0000 0000 0000 0000 0000 0000 0000
0000 0000 0000 0000 0000 0000 0000 0000
0000 0000 0000 0000 0000 0000 0000 0000
0000 0000 0000 0000 0000 0000 0000 0000
0000 0000 0000 0000 0000 0000 0000 0000
0000 0000 0000 0000 0000 0000 0000 0000
0000 0000 0000 0000 0000 0000 0000 0000
0000 0000 0000 0000 0000 0000 0000 0000
0000 0000 0000 0000 0000 0000 0000 0000
0000 0000 93ab ecce 96bb e14e bf14 495d
e0a1 d601 5c00 0000 4173 7365 7473 2f53
7461 6e64 6172 6420 4173 7365 7473 2f45
6e76 6972 6f6e 6d65 6e74 2f53 7065 6564
5472 6565 2f50 616c 6d2f 5061 6c6d 5f44
6573 6b74 6f70 204d 6174 6572 6961 6c73
2f4c 4f44 302f 4272 616e 6368 6573 5f30
2e6d 6174 0000 0000 0000 0000 0000 0000
0000 0000 0000 0000 0000 0000 0000 0000
0000 0000 0000 0000 0000 0000 0000 0000
0000 0000 0000 0000 0000 0000 0000 0000
0000 0000 0000 0000 0000 0000 0000 0000
0000 0000 0000 0000 
